0
0
1
0
0
0
0
0
0
0
9
2806
58649
124709
138739
152986
173413
206949
235211
306541
341657
359171
410016
438556
508428
524651
578649
574612
643585
657978
687453
710431
738567
780534
776204
929816
806913
781463
775668
752923
758740
732937
749635
749963
786499
863820
946823
1069970
1150569
1299639
1305843
1259045
1290322
1147133
1019795
836779
725534
565080
473914
373525
341140
297073
270710
252857
239196
234607
220087
209733
214551
203292
199541
190978
192966
184073
183789
175192
172117
169850
165049
162459
153648
156264
144761
168933
133880
130918
125756
119550
117477
109556
106031
97378
94588
90502
85599
82938
76861
76008
69159
80406
61144
59070
55633
52283
48752
44196
40852
37262
32530
30845
27324
25834
22056
21297
18858
14178
18885
15376
14968
13468
13470
12209
11850
10273
11015
9876
9554
8802
8423
8051
7520
6735
7261
6348
6095
5692
5425
4963
4664
4184
4158
3795
3701
3370
3145
2936
2709
2758
2456
2154
2009
1772
1746
1604
1472
1282
1319
1181
1049
967
902
834
797
854
669
572
562
531
528
439
445
432
385
346
364
309
315
300
254
248
235
231
185
184
177
171
166
146
144
129
131
105
118
106
85
99
84
90
67
53
89
53
57
64
57
41
49
39
42
41
43
58
37
32
31
30
32
34
35
29
14
34
26
14
28
23
29
29
26
19
27
25
25
18
24
23
26
15
19
21
12
20
13
22
16
10
10
19
19
14
18
15
24
10
11
11
14
16
14
9
14
14
11
18
13
14
11
11
11
15
12
19
15
9
13
10
12
9
15
10
7
8
4
14
13
6
6
7
15
14
11
11
10
6
9
14
10
8
13
11
10
13
12
10
7
11
7
9
15
14
9
8
11
14
6
12
9
12
10
13
7
8
6
12
11
7
4
8
8
6
11
9
9
9
7
3
3
13
3
7
4
6
12
11
11
7
12
7
2
12
8
3
7
9
12
7
6
8
6
8
3
6
7
9
12
13
6
4
4
5
6
2
5
5
7
5
5
6
7
7
3
9
7
5
5
11
6
4
4
6
5
7
5
4
3
0
6
4
4
7
10
8
3
4
9
5
5
3
3
6
7
6
8
5
4
4
6
4
2
5
2
6
5
7
5
7
4
3
3
4
2
3
2
6
1
4
1
8
7
6
2
6
2
2
3
3
6
4
1
3
2
1
1
2
4
2
3
1
5
3
3
2
3
5
6
1
4
5
6
3
5
3
6
4
1
1
3
3
1
1
1
2
6
3
4
4
3
2
4
2
3
2
6
3
2
1
6
3
3
9
10
4
4
5
2
5
6
3
3
2
2
1
3
3
3
4
2
4
3
3
1
7
2
1
3
5
4
2
3
5
4
4
3
1
1
2
1
0
3
1
0
0
2
2
0
3
2
3
1
0
2
1
2
2
1
2
0
2
3
1
3
2
1
1
1
4
1
1
1
0
0
0
2
1
0
1
2
3
0
0
0
1
3
1
2
0
1
0
1
0
0
2
1
1
0
1
0
1
0
0
1
2
0
4
1
1
0
1
2
1
1
2
0
0
0
1
1
3
2
2
0
1
2
1
1
0
3
0
0
1
0
1
0
0
0
1
0
0
0
0
0
1
1
1
0
1
2
1
0
1
1
0
0
0
0
0
2
2
0
0
1
0
2
0
1
1
0
0
1
1
0
0
0
0
1
1
1
1
1
1
0
0
0
1
0
0
0
1
0
0
0
2
0
2
1
0
3
0
0
0
0
0
0
2
3
1
1
2
0
1
1
0
1
1
0
1
1
0
1
1
0
0
0
0
0
1
0
0
0
1
0
2
0
2
0
1
0
1
1
1
1
2
0
0
0
1
1
0
0
1
1
0
0
0
1
0
0
1
0
0
0
1
0
0
1
0
1
1
2
2
0
0
1
2
1
0
0
1
3
0
2
0
1
1
0
0
0
1
0
1
2
0
1
0
0
1
0
1
0
0
0
0
2
0
1
0
0
2
0
0
1
0
0
0
1
1
0
0
1
0
0
1
0
0
0
0
0
0
0
0
1
1
0
0
0
0
1
0
0
0
0
1
0
0
0
0
0
0
0
1
0
0
0
0
0
0
1
1
1
0
0
0
0
0
0
1
1
0
0
1
1
1
0
0
1
0
0
1
1
1
1
2
0
0
0
0
0
0
0
0
0
0
0
1
0
0
0
0
1
0
0
0
2
0
0
0
2
1
1
0
0
0
1
0
0
0
0
1
0
1
1
0
0
0
0
0
0
0
0
1
0
0
0
1
0
0
0
0
0
0
1
0
0
0
0
0
0
0
0
0
0
0
0
0
0
0
0
1
0
0
0
0
0
0
0
0
0
0
0
0
0
0
0
0
1
0
0
0
0
0
0
0
0
0
0
0
1
0
0
0
0
0
0
0
0
0
0
0
0
0
0
0
0
0
0
0
0
0
0
0
0
0
0
0
0
0
0
0
0
0
0
0
0
2632
