0
0
0
0
0
0
0
0
0
0
0
67
2066
4766
5089
5615
6080
7017
7661
9521
10192
10056
11277
11351
12656
12793
13347
12771
13750
13507
13216
13029
12729
12863
12270
14591
12178
11637
11575
11284
11037
10577
10564
10018
9894
9583
9460
9362
8835
8996
8205
7576
8254
7604
7405
7129
7216
6590
6613
6180
6116
5930
5842
5572
5328
5515
5118
4750
4925
4685
4526
4285
4356
3923
3961
3840
3829
3707
3437
3583
3455
3482
3037
3728
3029
2981
2873
2720
2677
2573
2412
2237
2361
2155
2123
1891
1853
1961
1948
2174
1716
1692
1639
1673
1650
1530
1393
1391
1307
1337
1314
1314
1236
1270
1211
924
1273
1191
1197
1014
1088
1011
1098
891
956
932
889
893
864
809
810
721
828
703
752
661
703
650
692
651
650
616
650
590
593
591
544
634
553
538
493
525
522
526
419
455
520
457
414
441
407
485
421
531
419
443
454
419
386
403
370
366
353
358
320
397
375
388
367
383
361
312
255
309
336
298
370
269
280
309
334
285
295
315
271
238
272
310
268
309
285
260
290
271
257
283
265
302
231
302
238
304
233
271
233
244
236
217
222
239
220
233
195
216
183
190
179
242
222
186
168
184
228
153
181
148
154
176
146
156
173
181
151
165
176
162
173
220
170
141
190
138
165
127
138
164
157
162
173
137
154
162
190
146
140
126
149
116
145
138
129
159
119
160
119
153
145
115
130
110
129
121
135
99
123
99
130
115
112
112
126
151
113
115
112
115
115
96
102
115
124
85
91
124
91
127
105
86
105
113
80
118
99
137
121
85
94
102
94
113
113
91
93
78
88
116
105
89
80
82
89
99
91
91
91
99
77
107
88
113
97
77
100
93
88
75
102
72
75
89
86
74
75
78
66
91
80
63
67
58
75
58
63
67
72
70
77
61
63
82
69
39
66
75
75
72
61
80
50
100
78
64
82
74
59
69
74
82
82
72
82
82
66
66
59
75
74
74
61
48
70
70
63
72
63
58
74
70
56
52
70
56
55
59
59
64
58
41
59
55
48
42
55
45
52
37
39
52
48
41
33
52
34
37
50
44
42
42
29
47
41
48
34
22
28
36
39
28
26
34
26
28
36
47
29
29
42
36
28
18
31
18
37
26
25
28
31
52
31
39
29
31
28
37
22
41
47
28
52
39
48
37
39
58
36
48
50
56
55
58
45
74
64
41
52
58
48
44
34
55
55
52
50
47
53
58
45
64
44
67
37
42
41
42
39
31
36
29
37
25
22
18
39
33
23
31
31
17
17
28
28
23
26
25
31
20
18
22
18
17
18
22
17
29
12
20
22
15
12
11
20
17
12
9
14
12
17
12
6
12
15
12
14
20
6
6
7
11
7
14
11
9
17
12
7
11
7
11
12
17
14
11
12
12
18
9
20
15
17
12
3
12
12
11
9
22
18
12
9
12
7
11
20
9
14
15
17
7
14
12
11
14
7
9
7
12
4
9
26
11
11
9
11
11
14
6
4
7
6
6
17
18
7
9
11
11
9
4
15
12
9
11
14
4
6
1
6
7
7
12
7
14
7
7
14
7
6
9
7
6
14
3
6
4
11
6
6
11
4
4
12
1
7
14
9
9
4
7
9
6
6
9
3
9
3
11
6
7
11
4
0
11
7
4
11
3
1
7
7
7
6
6
12
9
6
7
6
9
6
11
11
7
9
12
3
9
7
11
4
9
6
1
7
7
12
6
7
4
4
7
6
11
7
6
7
4
6
3
7
3
4
7
9
4
9
4
7
4
9
6
7
6
11
11
4
7
4
7
4
7
3
4
3
9
7
4
7
6
9
9
4
3
4
1
1
11
7
7
7
6
4
3
12
6
4
6
1
4
7
1
3
4
9
9
4
3
0
9
1
4
4
6
12
9
7
1
4
3
4
0
1
0
6
1
3
6
1
0
6
1
4
3
6
3
6
1
1
1
3
4
1
0
3
0
1
1
3
3
3
1
4
3
1
1
1
1
3
3
0
0
3
3
3
3
1
4
1
4
0
3
1
7
3
1
1
3
6
4
4
1
6
3
4
9
4
1
4
0
4
4
3
7
3
1
6
11
1
1
1
1
4
1
4
3
1
1
1
3
1
3
3
1
4
1
1
6
0
0
1
3
1
3
3
0
0
1
0
1
4
0
3
3
1
0
3
0
0
1
3
0
1
1
3
4
3
3
1
0
0
0
0
0
1
1
3
0
0
0
0
1
1
0
1
1
1
1
1
1
0
0
1
1
0
1
0
0
0
0
0
0
1
3
0
0
1
1
1
3
1
1
1
1
0
1
1
0
0
0
0
3
0
0
0
0
1
0
0
0
1
0
0
0
1
3
4
1
0
1
1
0
1
1
1
0
1
0
1
0
1
0
1
1
1
28401