0
0
0
0
0
0
0
0
0
0
0
465
10919
22707
23606
24576
26463
29988
32295
40403
43374
44118
49002
51430
58304
59489
64697
63200
69415
69254
69994
69904
69752
71511
69337
82314
71522
69929
70570
69464
71142
68675
69415
67014
66387
66601
65479
65942
63478
65949
63060
60623
64967
63151
64115
62110
65043
61571
62415
57488
59999
57045
55558
53881
51978
51632
48426
46014
46900
43862
42805
40649
40378
37907
37280
35079
33974
33287
31990
31493
29642
30011
27920
32943
26284
25952
25507
24530
24655
23393
23451
22318
22298
22208
21813
21991
21335
22195
21233
26119
20807
21156
20753
20368
19993
19196
18822
18200
16869
17102
16213
16359
15227
15958
14974
12001
17427
15622
16887
17019
19782
20369
23241
23323
28573
29687
32231
33440
35598
36666
36113
33102
36694
31899
30209
26749
25414
21549
19428
16047
14646
12498
10854
9383
8252
7497
6529
6568
5840
4944
4740
4372
4361
3978
3953
3571
3682
3486
3370
3270
3145
3108
2915
3318
2785
2634
2553
2466
2446
2318
2273
2167
2096
2076
2003
2001
1877
1929
1781
1681
1798
1639
1613
1512
1539
1428
1407
1295
1343
1271
1232
1190
1135
1132
1062
1011
1045
980
944
915
920
873
863
835
853
831
827
856
835
906
904
1141
998
1042
1101
1142
1227
1256
1329
1307
1338
1397
1376
1388
1352
1366
1260
1509
1147
1118
1028
986
936
864
797
744
669
660
607
591
539
553
508
491
477
480
483
456
483
454
449
418
441
416
418
403
385
374
348
314
330
297
286
255
257
230
222
196
185
179
161
154
133
133
119
136
112
101
96
92
90
83
84
76
73
71
69
69
64
62
55
71
54
53
52
54
48
46
44
44
43
43
38
39
36
38
33
36
32
34
31
29
30
26
29
24
26
24
25
22
22
23
20
22
21
19
19
18
15
17
16
17
16
16
16
17
15
16
13
18
13
13
12
14
13
13
11
13
9
13
11
11
10
10
9
12
8
9
10
8
7
8
7
7
7
6
7
6
5
4
4
3
4
4
4
4
5
4
4
3
3
4
4
3
3
4
3
3
3
3
3
3
2
2
3
2
2
2
2
2
2
2
2
2
2
2
1
1
2
1
1
1
1
1
1
1
1
1
2
1
2
1
1
2
1
1
1
1
1
1
1
1
1
1
1
0
1
1
1
0
1
1
1
1
0
0
0
1
0
0
0
0
1
0
1
0
0
0
0
0
0
1
0
1
1
0
1
0
0
0
1
0
0
0
1
0
1
0
0
0
0
1
1
1
0
0
1
1
0
0
1
0
0
1
1
1
1
1
1
1
1
1
0
1
1
1
0
0
0
0
1
0
0
0
1
0
0
0
1
0
0
0
0
0
0
0
0
0
0
0
0
0
0
0
0
0
0
0
0
0
0
0
0
0
0
0
0
0
0
0
0
0
0
0
0
0
0
0
0
0
0
0
0
0
0
0
0
0
0
0
0
0
0
0
0
0
0
0
0
0
0
0
0
0
0
0
0
0
0
0
0
0
0
0
0
0
0
0
0
0
0
0
0
0
0
0
0
0
0
0
0
0
0
0
0
0
0
0
0
0
0
0
0
0
0
0
0
0
0
0
0
0
0
0
0
0
0
0
0
0
0
0
0
0
0
0
0
0
0
0
0
0
0
0
0
0
0
0
0
0
0
0
0
0
0
0
0
0
0
0
0
0
0
0
0
0
0
0
0
0
0
0
0
0
0
0
0
0
0
0
0
0
0
0
0
0
0
0
0
0
0
0
0
0
0
0
0
0
0
0
0
0
0
0
0
0
0
0
0
0
0
0
0
0
0
0
0
0
0
0
0
0
0
0
0
0
0
0
0
0
0
0
0
0
0
0
0
0
0
0
0
0
0
0
0
0
0
0
0
0
0
0
0
0
0
0
0
0
0
0
0
0
0
0
0
0
0
0
0
0
0
0
0
0
0
0
0
0
0
0
0
0
0
0
0
0
0
0
0
0
0
0
0
0
0
0
0
0
0
0
0
0
0
0
0
0
0
0
0
0
0
0
0
0
0
0
0
0
0
0
0
0
0
0
0
0
0
0
0
0
0
0
0
0
0
0
0
0
0
0
0
0
0
0
0
0
0
0
0
0
0
0
0
0
0
0
0
0
0
0
0
0
0
0
0
0
0
0
0
0
0
0
0
0
0
0
0
0
0
0
0
0
0
0
0
0
0
0
0
0
0
0
0
0
0
0
0
0
0
0
0
0
0
0
0
0
0
0
0
0
0
0
0
0
0
0
0
0
0
0
0
0
0
0
0
0
0
0
0
0
0
0
0
0
0
0
0
0
0
0
0
0
0
0
0
0
0
0
0
0
0
0
0
0
0
0
0
0
0
0
0
0
0
0
0
0
0
0
0
0
0
0
0
0
0
0
0
0
0
0
0
0
0
0
0
0
0
0
0
0
0
0
0
0
0
0
0
0
0
0
0
0
0
0
0
0
0
0
0
0
0
0
0
603